349
560
542
932
341
1018
738
927
886
255
174
567
752
935
753
151
29
1001
613
888
197
880
702
566
170
272
700
224
755
211
212
675
273
731
567
177
321
681
177
119
311
309
531
729
624
481
153
899
445
610
315
950
989
384
358
582
772
713
672
1010
294
987
597
530
37
696
838
686
659
882
201
589
519
847
382
78
675
304
540
466
555
132
969
301
866
37
969
946
14
614
583
364
261
47
662
1013
815
740
685
978
405
950
248
975
52
65
671
257
177
58
835
843
385
455
967
721
861
377
40
79
614
424
968
30
174
673
105
30
212
565
722
517
683
189
422
464
85
688
420
372
637
458
283
275
401
694
391
714
467
85
559
47
2
227
258
892
212
370
595
230
468
321
478
740
629
836
393
912
977
937
181
569
27
353
708
1009
634
552
864
103
381
860
182
398
279
976
911
761
581
954
707
653
161
616
507
456
70
295
319
882
898
408
72
397
180
676
257
208
334
355
542
464
934
607
780
330
282
751
284
965
828
478
891
892
154
985
150
928
392
321
989
371
193
83
629
867
385
887
61
227
876
729
387
503
190
665
1002
58
957
591
755
465
150
636
122
16
440
993
73
617
939
991
326
1005
333
942
57
250
1005
553
79
93
887
634
964
749
478
495
142
210
596
627
810
686
788
455
858
113
897
1019
143
311
147
880
754
665
886
536
249
411
435
303
285
933
767
930
217
1008
806
305
421
122
701
91
22
118
477
29
35
223
222
815
411
468
886
300
517
701
499
253
994
709
197
174
607
125
875
837
408
28
873
239
367
800
72
25
133
812
791
474
79
613
722
171
485
211
288
995
158
837
655
816
75
714
555
177
1017
551
748
888
166
218
317
313
262
800
930
949
966
11
895
204
536
867
114
853
649
910
243
381
658
999
317
920
714
697
318
865
65
239
201
925
788
603
943
679
169
294
182
827
484
813
571
957
737
351
217
163
533
204
180
368
844
628
714
962
924
206
648
898
33
588
483
631
304
797
420
908
448
497
43
767
614
520
528
480
38
8
958
200
324
324
867
422
564
126
316
813
386
428
5
575
441
758
467
790
283
646
961
212
545
604
339
695
933
152
826
596
277
343
294
659
135
811
912
131
907
895
826
959
861
821
903
142
215
534
135
264
46
147
480
910
140
510
257
458
186
840
1011
73
799
228
847
410
17
292
516
87
45
972
594
453
773
96
16
595
136
870
666
26
1008
667
618
372
892
483
850
881
906
58
806
388
936
396
652
871
89
996
114
534
698
899
201
106
855
794
75
386
705
858
1011
546
361
1023
777
172
318
872
387
93
301
655
513
155
545
271
298
512
627
37
1017
804
941
460
782
642
820
924
450
720
304
978
920
7
172
983
495
604
772
942
913
85
446
407
771
576
46
678
9
129
797
15
881
253
233
536
890
503
506
964
872
86
373
985
581
827
185
939
507
416
600
527
409
967
545
742
687
89
343
480
508
87
530
684
77
885
832
784
525
597
862
479
811
261
491
87
824
478
146
743
701
107
393
230
104
2
32
566
260
28
911
394
659
632
102
689
186
354
648
685
435
562
439
648
248
643
214
888
796
57
806
309
1009
985
800
805
640
763
775
713
171
717
909
620
482
158
37
575
582
531
875
674
613
225
846
338
75
927
726
512
144
296
518
536
708
89
740
798
597
861
410
526
663
47
685
30
436
927
148
242
781
99
486
825
1016
750
498
204
487
447
890
623
577
155
547
421
442
990
61
830
600
719
68
941
408
274
43
843
446
431
851
677
174
349
429
465
961
956
235
779
471
213
460
298
7
540
582
325
856
828
952
738
605
230
376
2
539
25
512
406
95
316
216
898
979
633
938
435
58
898
286
435
315
761
531
525
91
634
322
514
198
765
626
895
194
1013
529
144
490
920
61
4
714
208
434
868
884
16
239
547
813
704
1003
148
151
873
166
410
431
646
441
749
452
745
86
7
543
2
555
850
472
756
441
418
450
289
853
931
200
897
788
332
370
916
379
806
483
275
980
87
349
439
265
458
235
995
52
703
396
273
841
411
774
197
776
916
133
17
271
447
628
329
399
1010
607
554
865
167
804
874
963
132
989
231
985
611
267
93
515
95
337
658
263
99
160
383
192
199
598
269
261
580
174
623
1019
947
667
195
464
877
680
414
466
806
477
368
863
392
715
740
610
682
585
934
1018
667
646
528
290
667
406
161
194
633
306
479
102
624
581
945
951
23
795
46
1002
87
389
601
73
426
860
95
820
663
404
656
977
39
269
248
246
253
1002
755
452
1006
140
648
726
408
